[549 549 549 549 549 912 912 549 549 912 549 549 549 549 549 549 912 912
 549 549 549 549 549 549 549 549 549 549 549 549 912 549 549 549 549 912
 549 549 549 549 912 549 912 912 549]
[549, 723, 549, 549, 549, 723, 723, 549, 723, 723, 723, 549, 723, 409, 549, 549, 409, 723, 549, 549, 723, 549, 723, 549, 549, 549, 723, 549, 549, 723, 409, 549, 549, 549, 549, 723, 549, 549, 549, 723, 723, 723, 723, 723, 549]
rand to real
o que deu
[549 549 549 549 549 549 549 549 549 549 549 549 549 549 549 549 549 549
 549 549 549 549 549 549 549 549 549 549 549 549 549 549 549 549 549 549
 549 549 549 549 549 549 549 549 549 549 549 549 549 549 549 549 549 549
 549 549 549 549 549 549 549 549 549 549 549 549 549 549 549 549 549 549
 549 549 549 549 549 549 549]
o que era pra dar
[290, 288, 290, 287, 288, 88, 88, 88, 88, 88, 88, 88, 88, 88, 88, 98, 98, 98, 98, 98, 98, 36, 6, 6, 6, 6, 798, 798, 975, 912, 912, 716, 912, 912, 912, 912, 912, 912, 873, 904, 904, 905, 904, 904, 771, 543, 422, 422, 422, 870, 422, 692, 509, 549, 519, 6, 418, 904, 53, 53, 53, 53, 53, 53, 53, 53, 823, 823, 823, 600, 927, 823, 798, 798, 703, 798, 798, 798, 798]
